500 11
311 360 429 116 477 133 442 307 187 232 387
76 445 5
261 39 1
497 489 5
302 268 9
481 134 9
218 298 4
387 485 2
455 424 10
29 78 5
214 1 1
364 373 10
299 87 8
469 170 9
143 114 9
118 266 1
80 198 6
307 120 2
73 478 2
335 146 10
287 47 4
353 176 3
354 318 5
327 155 5
376 132 9
148 275 3
437 5 6
173 101 9
193 173 1
492 286 3
5 408 1
26 25 9
200 238 3
458 393 10
256 22 2
270 354 2
440 231 10
147 55 10
150 140 3
279 499 4
385 179 9
119 226 4
239 457 3
191 2 3
284 211 6
88 275 8
424 241 2
150 159 10
101 177 1
446 102 4
430 383 2
313 239 5
178 271 4
122 117 1
103 157 1
219 408 1
465 97 5
85 43 7
160 368 2
209 70 8
233 365 10
61 406 9
414 473 8
117 100 10
483 70 1
349 314 6
237 425 5
351 68 6
242 234 6
274 205 10
322 449 5
307 114 10
293 11 8
393 454 2
267 367 1
137 169 1
41 244 2
98 96 5
329 185 11
341 498 11
213 30 5
237 473 6
417 369 10
250 311 3
90 189 4
280 315 5
12 204 5
222 142 3
149 345 3
123 342 9
41 90 10
22 102 6
223 126 5
94 49 5
343 447 2
194 65 11
57 123 4
325 174 11
257 364 5
392 113 1
295 249 1
164 432 2
207 359 1
84 156 6
110 303 5
283 252 2
233 36 10
297 211 1
295 461 4
34 184 2
48 195 4
356 423 6
248 61 6
166 302 6
80 446 5
450 172 5
246 68 6
397 230 8
410 143 7
139 476 6
465 409 1
477 487 1
411 240 1
417 430 8
396 58 1
161 394 4
178 344 10
478 155 6
9 113 1
131 77 11
24 192 3
72 370 6
127 15 10
389 355 11
444 125 11
157 299 3
158 187 10
328 374 5
403 208 10
243 30 9
411 100 7
341 229 9
254 479 7
165 296 4
327 101 11
480 316 9
395 99 8
467 74 5
140 388 3
438 300 7
427 111 7
399 254 8
243 92 8
312 28 10
28 285 8
58 48 1
422 135 5
198 136 2
403 169 10
413 461 1
428 7 8
498 151 7
339 262 10
253 210 4
202 27 2
379 482 11
267 290 4
203 310 10
495 79 1
167 251 5
395 86 1
281 95 4
227 444 1
91 480 1
188 270 10
40 368 5
276 144 8
248 490 6
361 383 7
363 124 4
324 188 5
453 486 3
438 337 5
342 103 7
142 496 7
56 216 8
10 17 11
358 401 10
372 130 5
18 389 5
64 343 7
303 326 4
67 493 4
268 432 6
477 392 4
410 404 4
69 490 9
339 8 2
301 224 5
110 352 2
156 466 5
405 288 6
172 484 8
257 316 11
493 253 10
283 416 10
330 276 8
360 67 7
300 195 9
333 335 7
45 183 7
346 3 6
215 400 2
163 36 1
43 449 1
317 25 3
60 177 8
34 127 4
469 148 7
108 75 1
161 331 3
445 144 9
483 212 1
129 488 9
369 323 11
456 357 7
35 277 11
54 163 7
225 45 5
145 238 1
168 470 6
126 73 7
37 374 6
213 331 4
476 13 9
370 459 4
367 62 2
69 388 9
486 372 1
471 46 8
466 399 7
391 464 6
192 201 1
500 199 2
496 57 6
79 357 9
334 497 3
108 443 11
263 160 11
89 162 6
289 358 4
282 128 7
111 419 8
447 306 4
321 479 5
407 146 7
474 125 11
334 320 1
138 332 9
232 381 4
402 32 2
435 162 11
386 232 2
321 159 7
452 336 9
241 463 7
474 29 7
491 442 4
4 250 1
21 306 8
264 434 2
97 475 2
37 382 10
124 38 9
245 226 11
304 323 7
298 348 8
361 394 1
157 309 11
371 191 6
227 46 5
128 121 7
381 166 8
377 174 2
180 273 2
17 87 2
443 6 7
359 194 2
418 261 1
249 83 10
7 421 5
456 269 9
53 379 8
433 175 6
401 259 1
457 376 2
204 230 5
431 53 6
441 129 5
4 431 9
463 274 11
181 182 2
93 332 8
107 303 10
42 55 9
154 297 5
308 109 11
365 398 11
75 200 8
62 322 2
308 402 11
12 363 2
133 190 9
27 429 5
442 407 9
240 56 1
340 154 7
492 284 11
292 115 3
165 422 7
351 258 3
222 423 10
382 494 10
344 362 3
26 366 1
220 20 11
272 179 5
223 83 4
23 329 2
104 9 10
258 418 6
59 72 3
305 328 11
499 347 10
425 325 8
352 416 10
385 377 1
489 440 5
212 19 4
485 400 11
349 33 9
187 380 1
348 436 8
491 189 1
23 487 9
175 6 6
355 290 8
171 309 11
481 224 7
217 415 7
279 350 10
151 273 8
336 404 11
228 141 5
120 340 6
285 86 4
434 63 1
459 337 1
319 180 7
207 265 4
378 2 9
71 153 2
453 21 2
315 132 9
345 319 8
221 199 8
89 139 5
292 482 3
350 153 10
185 88 3
260 78 8
294 378 3
32 168 9
14 15 1
390 206 3
451 86 3
183 495 9
133 196 3
362 206 1
278 115 3
31 202 2
460 92 10
137 318 8
66 235 6
324 116 5
421 121 7
360 106 2
167 333 6
231 304 2
99 387 9
94 190 8
138 131 1
291 176 10
437 247 10
122 472 1
436 164 6
13 93 7
264 51 6
296 14 3
186 60 8
470 413 6
214 375 4
269 317 10
11 16 5
262 19 2
197 420 10
471 221 8
152 366 9
312 412 3
76 375 6
38 116 4
448 396 3
452 293 1
51 109 1
420 65 3
380 47 6
414 218 6
245 77 4
246 252 3
209 288 2
3 278 6
251 31 8
263 398 9
42 346 9
141 135 7
265 234 9
294 338 9
96 419 6
427 371 3
24 98 10
33 289 9
281 135 1
500 439 10
52 435 8
107 184 8
272 426 2
406 63 5
71 439 1
193 106 11
81 450 10
236 147 7
259 451 3
353 1 5
475 251 10
84 412 10
81 35 9
313 197 9
82 134 11
10 145 8
219 314 6
118 472 11
50 136 3
16 210 3
217 384 4
286 105 7
338 468 5
260 64 6
458 464 1
229 282 11
205 429 2
255 203 3
347 455 6
280 82 3
74 433 3
266 91 7
462 305 11
66 186 3
208 112 6
242 49 11
104 373 3
216 182 8
256 44 5
40 454 1
271 287 9
462 105 1
54 330 7
59 468 5
405 397 10
171 244 1
152 149 3
196 20 7
409 201 9
320 391 8
494 428 10
112 170 8
255 460 10
181 448 8
386 356 1
52 85 5
277 215 3
311 220 5
236 467 6
301 326 8
415 228 10
247 426 2
158 338 11
119 225 9
441 8 2
50 235 7
18 310 9
