1000 489
21 113
58 69
169 67
159 99
73 142
115 113
132 54
162 69
84 111
3 86
138 0
8 69
60 9
44 99
163 116
89 36
81 139
114 56
102 106
43 166
97 27
25 150
27 28
80 33
77 47
28 7
75 177
14 117
31 115
105 36
29 36
172 137
25 155
104 21
142 1
123 106
33 127
66 101
116 116
163 72
65 146
69 145
78 55
175 158
114 112
77 118
30 161
66 82
70 133
80 55
129 9
123 160
26 164
106 35
86 81
65 66
125 27
123 53
45 110
55 6
10 75
157 88
22 48
108 135
148 140
61 177
143 170
177 13
8 157
118 75
36 68
139 67
161 176
33 53
167 172
114 95
85 10
123 127
3 81
77 166
61 127
62 118
38 162
57 75
144 147
77 168
101 22
26 99
70 132
25 120
12 156
68 99
28 146
42 46
112 75
49 32
14 110
103 83
104 94
152 8
138 177
165 19
9 67
50 168
175 126
67 114
75 107
56 50
171 8
26 176
13 70
3 4
175 147
129 66
93 174
6 75
63 144
51 23
45 93
92 77
141 166
18 104
30 105
148 160
136 69
69 40
165 58
70 14
159 15
158 134
172 0
83 121
36 93
172 23
102 99
27 114
129 153
80 163
57 18
48 74
68 143
10 174
107 44
24 63
77 65
149 137
99 68
95 117
95 136
52 42
45 157
12 103
80 149
168 65
117 65
59 146
105 23
55 136
117 64
21 167
97 10
172 49
162 170
39 130
29 122
148 1
79 119
166 17
38 10
74 31
108 129
95 143
102 127
46 124
87 98
90 147
73 78
69 103
58 152
82 87
58 164
18 100
8 35
175 85
150 46
17 42
0 36
128 112
50 52
48 94
140 139
129 98
0 171
36 122
137 44
37 75
117 149
163 94
122 100
24 164
24 7
33 122
0 118
17 119
64 19
104 4
65 98
118 1
93 105
156 72
126 14
87 127
25 175
18 94
128 11
173 62
16 81
33 49
76 123
149 164
120 23
30 136
74 101
47 130
160 166
26 12
15 24
36 158
117 41
78 134
27 23
131 140
104 120
142 99
164 129
70 29
105 24
172 62
102 63
158 107
33 81
130 162
51 30
41 100
58 71
172 158
62 60
151 54
25 0
35 82
177 138
70 102
82 160
125 105
128 93
101 72
113 49
126 29
135 63
153 127
126 142
129 175
84 49
127 129
134 67
136 151
97 171
66 163
148 31
14 143
169 59
162 74
144 47
0 139
25 58
28 138
49 52
54 90
25 34
120 65
76 10
31 91
40 154
21 55
94 131
134 5
90 45
100 9
87 11
5 116
108 131
159 165
105 117
99 26
171 117
126 22
95 138
82 161
113 77
149 101
166 15
53 28
52 18
110 45
153 76
159 142
136 118
76 17
67 13
106 62
62 81
72 20
108 123
65 40
144 65
61 114
102 125
112 123
107 106
122 45
67 51
23 104
88 0
13 52
51 175
151 41
114 42
13 59
59 145
5 102
78 121
71 62
177 99
159 66
104 75
31 149
158 112
107 58
158 120
37 128
20 10
119 141
30 128
114 44
11 48
157 10
162 52
27 88
90 174
106 60
177 59
41 52
126 117
147 89
168 176
77 140
56 42
67 112
87 82
72 136
110 67
15 54
19 115
13 86
32 57
13 62
36 6
31 20
57 166
125 52
122 42
32 74
38 39
176 44
66 171
100 61
77 11
147 119
47 116
79 5
14 51
29 39
58 51
0 114
79 135
157 20
5 96
67 156
108 60
26 97
43 19
74 141
117 152
155 175
133 155
176 121
71 30
23 94
53 50
83 153
88 28
176 34
119 1
173 146
101 133
139 106
5 151
57 151
63 43
85 108
0 120
153 13
8 87
129 99
40 140
105 128
89 138
72 82
61 166
43 170
166 114
72 13
13 48
28 121
126 126
165 34
47 14
18 20
157 132
148 67
121 47
107 114
160 75
83 127
39 81
48 61
79 21
77 58
129 134
85 87
49 12
153 166
167 134
5 91
116 159
134 172
15 93
114 124
92 100
23 100
22 30
138 18
149 158
72 109
162 102
48 161
120 39
84 100
83 128
109 106
37 146
168 125
8 82
84 81
37 42
22 61
77 131
116 154
92 74
35 70
45 155
71 68
70 151
142 15
4 77
7 139
119 14
121 76
135 165
12 170
48 10
155 89
158 101
24 152
1 168
18 93
3 139
75 41
101 54
1 173
129 152
115 173
51 159
57 108
53 95
83 15
110 169
93 6
84 23
173 171
1 81
107 103
1 116
55 66
80 87
131 116
40 175
160 42
16 95
81 31
141 35
44 83
76 12
84 93
91 13
152 140
158 75
26 6
101 10
68 126
112 160
115 148
63 89
88 42
54 23
22 118
1 11
69 6
120 9
73 2
3 104
92 52
76 153
152 122
96 2
69 121
131 30
116 40
25 112
122 34
63 31
138 63
157 143
140 24
168 51
31 64
80 74
0 53
56 59
37 164
10 66
96 152
56 132
8 143
94 4
144 138
140 32
22 135
87 22
144 177
24 138
170 57
76 23
28 93
164 141
20 18
47 31
170 136
14 140
140 64
15 19
174 64
50 11
41 174
172 155
165 110
150 105
129 33
151 132
63 36
170 23
14 109
98 118
174 87
63 162
14 11
34 19
28 36
172 134
144 176
21 163
81 49
145 11
0 8
26 106
10 51
101 92
71 58
77 4
94 60
19 157
49 48
36 102
173 127
135 37
118 171
70 94
32 126
14 66
135 167
25 110
57 103
153 99
175 122
94 100
45 105
77 38
174 72
86 147
82 92
15 35
102 130
128 162
126 33
19 112
162 33
164 167
172 128
31 38
36 156
5 145
110 18
129 83
167 146
45 50
159 136
124 80
173 50
11 124
177 8
151 4
153 133
40 91
97 99
34 114
26 17
126 109
57 14
54 77
126 116
9 36
20 55
54 80
161 24
114 165
30 132
11 29
127 88
77 89
160 163
24 86
30 60
38 21
79 163
56 71
80 24
157 112
67 170
109 176
57 21
134 48
173 57
53 42
123 2
97 115
161 29
113 153
30 170
24 106
66 149
54 132
66 169
160 1
136 110
16 123
119 92
78 80
21 37
71 162
41 80
72 26
58 108
32 27
42 102
119 91
16 79
138 94
31 49
6 128
38 138
97 141
64 92
67 8
91 113
31 111
52 131
136 51
13 57
96 25
153 115
138 111
131 147
34 7
22 148
64 44
28 157
117 165
160 118
146 16
91 177
141 17
38 46
104 109
141 163
30 95
24 146
148 144
123 139
21 16
81 153
34 65
10 166
70 136
29 154
36 46
10 134
31 172
60 79
170 80
61 101
13 151
54 163
118 94
152 170
120 149
14 54
71 166
4 8
151 131
173 5
136 158
134 135
52 76
151 50
147 115
66 40
138 86
103 148
93 137
150 103
45 95
153 19
36 132
126 138
167 137
176 38
81 175
40 9
104 81
73 133
165 140
11 3
119 95
147 151
111 139
94 148
103 97
122 143
128 94
19 49
87 117
145 68
2 50
8 31
172 46
141 26
99 13
66 35
99 131
159 10
29 54
90 131
146 147
49 75
20 66
173 53
136 62
115 171
120 21
156 171
19 101
5 27
163 158
159 143
105 40
132 133
105 163
96 67
14 70
44 117
131 37
158 48
114 62
48 34
123 115
7 71
78 67
50 33
124 134
28 104
39 9
23 71
19 177
161 23
21 31
113 31
150 139
138 118
177 29
100 30
81 81
167 46
7 88
120 171
114 23
75 138
83 52
155 70
72 37
112 40
79 13
147 145
92 162
102 17
40 176
144 12
14 137
148 105
0 0
40 138
169 3
114 8
17 61
175 56
165 92
9 57
90 88
20 165
11 41
122 137
133 97
16 40
37 116
56 7
46 167
175 41
75 129
30 16
80 138
130 64
148 50
54 19
119 149
96 117
155 43
31 163
92 46
108 84
113 66
116 115
29 156
119 43
79 101
137 101
14 126
30 116
27 125
54 18
142 93
151 74
137 150
58 68
142 171
5 100
161 144
48 139
120 116
47 48
69 86
39 116
138 109
78 158
74 39
49 176
118 102
147 6
99 22
0 6
143 28
173 121
8 91
19 90
44 152
30 172
72 133
95 144
139 28
126 46
11 97
65 57
172 38
116 33
157 107
110 42
9 98
164 36
53 170
36 143
153 21
2 164
41 175
70 75
51 11
69 87
19 30
89 61
51 138
32 59
76 24
16 152
98 92
22 4
168 150
92 83
112 92
150 136
98 33
50 17
10 91
5 62
161 92
71 158
9 136
82 157
9 50
55 151
100 136
116 155
157 75
164 89
156 156
166 155
145 6
119 5
163 79
41 13
73 29
105 58
24 59
12 38
151 125
85 162
73 154
176 97
49 172
18 132
8 54
57 164
145 20
81 159
146 37
89 77
97 156
111 2
173 83
95 122
31 108
106 95
95 141
147 94
32 2
158 86
31 164
64 157
23 116
176 64
45 98
15 38
59 100
25 102
